<?xml version="1.0"?>
<opencv_storage>
<Poses type_id="opencv-matrix">
  <rows>14</rows>
  <cols>5</cols>
  <dt>f</dt>
  <data>
     92. 0. 0. 11566. 0.
    184. 0. 0. 11583. 0.
    265. 0. 0. 11584. 0.
    346. 0. 0. 11556. 0.
    411. 0. 0. 11572. 0.
    475. 0. 0. 11581. 0.
    551. 0. 0. 10005. 0.
    639. 0. 0.  8687. 0.
    643. 0. 0. 11593. 0.
    735. 0. 0. 10000. 0.
    798. 0. 0. 11574. 0.
    861. 0. 0. 10036. 0.
    927. 0. 0. 11585. 0.
   1022. 0. 0. 11565. 0.
	</data></Poses>
<Rotations type_id="opencv-matrix">
  <rows>14</rows>
  <cols>3</cols>
  <dt>f</dt>
  <data>
	92		0.005411		-0.009338
	184		-0.007505		0.006109
	265		-0.005498		-0.003578
	346		-0.015708		-0.004276
	411		-0.003927		0.002269
	475		0.007854		0.009250
	551		-0.023300		-0.023911
	639		0.007767		-0.014573
	643		-0.026093		-0.005149
	735		0.008988		-0.001396
	798		0.001222		0.004538
	861		-0.018937		-0.006807
	927		-0.003142		0.002967
	1022	-0.007679		0.002007
</data></Rotations>
</opencv_storage>
