<?xml version="1.0"?>
<opencv_storage>
<Poses type_id="opencv-matrix">
  <rows>13</rows>
  <cols>5</cols>
  <dt>f</dt>
  <data>
	92		-11267	26290	11572	-0.786876
	184		-2925	4700	11590	-0.827771
	265		-5630	26275	11584	-2.366411
	346		-6207	30613	11556	-2.344231
	411		-11136	16188	11575	0.760533
	475		-5265	11882	11589	0.778101
	551		-5380	21615	10016	-0.000462
	643		-2516	8989	11591	0.781186
	735		-11280	20869	10011	3.126939
	798		-5056	16198	11578	0.795830
	861		-4966	7222	10042	0.004344
	927		-10528	11899	11585	-0.785609
	1022	-10925	30590	11563	2.379199
</data></Poses>
<!-- 	639		0		0		8695	0. -->
<Rotations type_id="opencv-matrix">
  <rows>14</rows>
  <cols>3</cols>
  <dt>f</dt>
  <data>
	92		0.0092284		0.00550683
	184		-0.00612163		-0.00752637
	265		0.00357256		-0.00546834
	346		0.00430251		-0.0156794
	411		-0.00231013		-0.00393007
	475		-0.00930591		0.0078587
	551		0.0238774		-0.0233053
	639		0.0145822		0.00779813
	643		0.00510453		-0.0260984
	735		0.00135718		0.00899672
	798		-0.00461694		0.00122177
	861		0.0068362		-0.0189563
	927		-0.00296419		-0.00312014
	1022	-0.0020101		-0.00768371
</data></Rotations>
</opencv_storage>